%YAML:1.0
calibration_time: "Thu Aug 18 17:57:10 2016"
nframes: 10
image_width: 640
image_height: 480
board_width: 8
board_height: 6
square_size: 2.5000000372529030e-02
aspectRatio: 1.
flags: 2
camera_matrix: !!opencv-matrix
   rows: 3
   cols: 3
   dt: d
   data: [ 8.2721155833461455e+02, 0., 3.0792437799467098e+02, 0.,
       8.2721155833461455e+02, 2.2306837066589034e+02, 0., 0., 1. ]
distortion_coefficients: !!opencv-matrix
   rows: 5
   cols: 1
   dt: d
   data: [ 4.1012797594327188e-02, -1.4128347817384024e-01,
       -9.3886596273013193e-04, -1.3527461527380973e-03,
       3.1292705128796444e-01 ]
avg_reprojection_error: 1.9314579827103281e-01
per_view_reprojection_errors: !!opencv-matrix
   rows: 10
   cols: 1
   dt: f
   data: [ 1.01483591e-01, 4.19770807e-01, 1.50710762e-01,
       1.99268341e-01, 9.91472974e-02, 1.00721672e-01, 1.31577939e-01,
       1.73718214e-01, 1.75423220e-01, 1.60890728e-01 ]
extrinsic_parameters: !!opencv-matrix
   rows: 10
   cols: 6
   dt: d
   data: [ -6.6499386101912875e-02, 2.2875817950039876e-01,
       -2.9687646338076461e-02, -7.6400532034312116e-02,
       -5.1410235216079625e-02, 3.6390536971009629e-01,
       -4.3656151174798083e-02, 2.2606676127809000e-01,
       -3.4932063811858115e-02, -7.9289898845283660e-02,
       -5.4801664730098301e-02, 3.6076133849633513e-01,
       -4.7807563598501045e-02, 2.2042470383566068e-01,
       -2.1893126204378496e-02, -7.9507632875301076e-02,
       -5.8984248885301113e-02, 3.5914963609991957e-01,
       -4.4439423930927015e-02, 2.2565587845545929e-01,
       -2.0013115003592437e-02, -7.8227735788803959e-02,
       -6.1543584201314554e-02, 3.5860587555306761e-01,
       -3.5045713859731362e-02, 2.4998183893231987e-01,
       -1.8045726971132998e-02, -6.9202548002067821e-02,
       -6.4085007434192542e-02, 3.6033003746011188e-01,
       -3.0831966494845167e-02, 2.7366287922734067e-01,
       -2.1278812418093446e-02, -6.2054361377994388e-02,
       -6.5173674859168695e-02, 3.6225547422558202e-01,
       -2.2901815208958190e-02, 2.8831818289771066e-01,
       -1.7629279755812764e-02, -5.6664900024004629e-02,
       -6.8968809543599963e-02, 3.6191761798201066e-01,
       -2.0305603656519636e-02, 2.9663042684666668e-01,
       -1.6170552385006955e-02, -5.3943282384873829e-02,
       -7.0516375819681981e-02, 3.6186894612200066e-01,
       -1.0999141849740388e-01, 1.0895140264352904e-01,
       -3.3630290062532875e-02, -1.1785259375788913e-01,
       -3.5773693779050944e-02, 3.5596912357829663e-01,
       -1.0155261829956373e-01, 1.4509927790383650e-01,
       -3.2877584721961471e-02, -1.0531881448542187e-01,
       -3.8769192393987364e-02, 3.6000538409857574e-01 ]
image_points: !!opencv-matrix
   rows: 10
   cols: 48
   dt: "2f"
   data: [ 1.33533646e+02, 1.05759323e+02, 1.87424377e+02,
       1.01922821e+02, 2.42738617e+02, 9.78765488e+01, 2.99776947e+02,
       9.36677170e+01, 3.58738251e+02, 8.93241882e+01, 4.19595825e+02,
       8.47267685e+01, 4.82633453e+02, 7.99009781e+01, 5.48032349e+02,
       7.50329742e+01, 1.34296478e+02, 1.62344833e+02, 1.88270676e+02,
       1.59351349e+02, 2.43816895e+02, 1.56245148e+02, 3.01057831e+02,
       1.52801300e+02, 3.60518066e+02, 1.49434998e+02, 4.21441406e+02,
       1.45829819e+02, 4.84843140e+02, 1.42187439e+02, 5.50676941e+02,
       1.38350021e+02, 1.34684357e+02, 2.19494766e+02, 1.89015045e+02,
       2.17317352e+02, 2.44892441e+02, 2.15039490e+02, 3.02470184e+02,
       2.12704010e+02, 3.62088318e+02, 2.10309860e+02, 4.23421021e+02,
       2.07649902e+02, 4.87157928e+02, 2.05095840e+02, 5.53356079e+02,
       2.02302032e+02, 1.35086273e+02, 2.77111908e+02, 1.89605026e+02,
       2.75714020e+02, 2.45741211e+02, 2.74447723e+02, 3.03639832e+02,
       2.72975983e+02, 3.63629181e+02, 2.71494415e+02, 4.25356659e+02,
       2.70038116e+02, 4.89461090e+02, 2.68516022e+02, 5.56046387e+02,
       2.66915588e+02, 1.35433350e+02, 3.35271545e+02, 1.90383072e+02,
       3.34849884e+02, 2.46799103e+02, 3.34420410e+02, 3.05018951e+02,
       3.33899109e+02, 3.65239197e+02, 3.33448883e+02, 4.27353302e+02,
       3.33002716e+02, 4.91822968e+02, 3.32654999e+02, 5.58881042e+02,
       3.32270477e+02, 1.35728073e+02, 3.94247925e+02, 1.90931229e+02,
       3.94644257e+02, 2.47657791e+02, 3.95119141e+02, 3.06247589e+02,
       3.95561646e+02, 3.66829346e+02, 3.96238892e+02, 4.29325500e+02,
       3.96887665e+02, 4.94292938e+02, 3.97636414e+02, 5.61532227e+02,
       3.98456207e+02, 1.25280174e+02, 9.71310196e+01, 1.79489548e+02,
       9.29514236e+01, 2.35134903e+02, 8.86124573e+01, 2.92571716e+02,
       8.41807785e+01, 3.51789429e+02, 7.94592133e+01, 4.13008057e+02,
       7.45980911e+01, 4.76263611e+02, 6.94152222e+01, 5.41924744e+02,
       6.41374359e+01, 1.26696655e+02, 1.53938232e+02, 1.80954315e+02,
       1.50659409e+02, 2.36998276e+02, 1.47227997e+02, 2.94489960e+02,
       1.43713440e+02, 3.54036194e+02, 1.40079422e+02, 4.15403320e+02,
       1.36268875e+02, 4.79028900e+02, 1.32286911e+02, 5.44998108e+02,
       1.27979546e+02, 1.27868240e+02, 2.11400940e+02, 1.82441223e+02,
       2.08967606e+02, 2.38580399e+02, 2.06493774e+02, 2.96426178e+02,
       2.03886841e+02, 3.56231628e+02, 2.01314087e+02, 4.17855682e+02,
       1.98482971e+02, 4.81717163e+02, 1.95476761e+02, 5.48204712e+02,
       1.92544388e+02, 1.28961777e+02, 2.69144745e+02, 1.83736069e+02,
       2.67607574e+02, 2.40227753e+02, 2.66119141e+02, 2.98306030e+02,
       2.64493378e+02, 3.58417999e+02, 2.62800903e+02, 4.20399109e+02,
       2.61017700e+02, 4.84652252e+02, 2.59287720e+02, 5.51348511e+02,
       2.57413513e+02, 1.30042007e+02, 3.27407379e+02, 1.85060562e+02,
       3.26814453e+02, 2.41704681e+02, 3.26192749e+02, 3.00128235e+02,
       3.25514465e+02, 3.60546234e+02, 3.24890533e+02, 4.22820953e+02,
       3.24326263e+02, 4.87375671e+02, 3.23606171e+02, 5.54547058e+02,
       3.23042145e+02, 1.30956772e+02, 3.86356750e+02, 1.86322845e+02,
       3.86619141e+02, 2.43184158e+02, 3.86975800e+02, 3.01768677e+02,
       3.87281555e+02, 3.62623413e+02, 3.87646088e+02, 4.25184204e+02,
       3.88211151e+02, 4.90216400e+02, 3.88758728e+02, 5.57557068e+02,
       3.89354156e+02, 1.24111572e+02, 8.65517349e+01, 1.78717560e+02,
       8.30114517e+01, 2.34831329e+02, 7.93341064e+01, 2.92637726e+02,
       7.54302292e+01, 3.52331604e+02, 7.14686584e+01, 4.13790833e+02,
       6.72526703e+01, 4.77406311e+02, 6.29092751e+01, 5.43406067e+02,
       5.84394188e+01, 1.24614136e+02, 1.44024384e+02, 1.79317978e+02,
       1.41302704e+02, 2.35637360e+02, 1.38468887e+02, 2.93500305e+02,
       1.35525421e+02, 3.53462891e+02, 1.32547714e+02, 4.15148315e+02,
       1.29337112e+02, 4.79090179e+02, 1.25966606e+02, 5.45293701e+02,
       1.22518410e+02, 1.24951172e+02, 2.01852661e+02, 1.79911285e+02,
       2.00080948e+02, 2.36451477e+02, 1.98119034e+02, 2.94569977e+02,
       1.96126175e+02, 3.54670410e+02, 1.94009399e+02, 4.16573120e+02,
       1.91785690e+02, 4.80716034e+02, 1.89506058e+02, 5.47273865e+02,
       1.87131531e+02, 1.25267174e+02, 2.60278656e+02, 1.80429230e+02,
       2.59143402e+02, 2.37174805e+02, 2.58114807e+02, 2.95455719e+02,
       2.56951874e+02, 3.55783234e+02, 2.55756119e+02, 4.18016815e+02,
       2.54705933e+02, 4.82452484e+02, 2.53457123e+02, 5.49205933e+02,
       2.52296677e+02, 1.25491943e+02, 3.18837219e+02, 1.80997147e+02,
       3.18700531e+02, 2.37810760e+02, 3.18492065e+02, 2.96432648e+02,
       3.18313995e+02, 3.57043884e+02, 3.18185272e+02, 4.19454346e+02,
       3.18034180e+02, 4.84102386e+02, 3.17915955e+02, 5.51223083e+02,
       3.17800262e+02, 1.25763428e+02, 3.78065125e+02, 1.81409805e+02,
       3.78753021e+02, 2.38570770e+02, 3.79395721e+02, 2.97327057e+02,
       3.80256073e+02, 3.58295502e+02, 3.81068542e+02, 4.20952209e+02,
       3.81980865e+02, 4.85889709e+02, 3.83036255e+02, 5.53349487e+02,
       3.84088043e+02, 1.26744400e+02, 8.05159836e+01, 1.81439102e+02,
       7.68556061e+01, 2.37611908e+02, 7.31854248e+01, 2.95570496e+02,
