%YAML:1.0
calibration_time: "Thu Aug 18 17:43:48 2016"
nframes: 10
image_width: 640
image_height: 480
board_width: 8
board_height: 6
square_size: 2.5000000372529030e-02
aspectRatio: 1.
flags: 2
camera_matrix: !!opencv-matrix
   rows: 3
   cols: 3
   dt: d
   data: [ 7.4635416036179402e+02, 0., 3.3531103094195970e+02, 0.,
       7.4635416036179402e+02, 2.1500035504368387e+02, 0., 0., 1. ]
distortion_coefficients: !!opencv-matrix
   rows: 5
   cols: 1
   dt: d
   data: [ 2.1311372507263174e-02, 2.1781759071662041e-01,
       -1.7003273325706043e-03, -3.5825580699842042e-03,
       -7.8230760828373502e-01 ]
avg_reprojection_error: 3.2529253870767599e-01
per_view_reprojection_errors: !!opencv-matrix
   rows: 10
   cols: 1
   dt: f
   data: [ 1.27628610e-01, 1.11476004e-01, 3.84934187e-01,
       2.55780935e-01, 1.33296236e-01, 4.19585288e-01, 2.93127954e-01,
       1.78034663e-01, 4.77707654e-01, 5.25541186e-01 ]
extrinsic_parameters: !!opencv-matrix
   rows: 10
   cols: 6
   dt: d
   data: [ -3.2914399284407069e-04, 9.3747250782374988e-02,
       -6.7012691785954732e-04, -1.5150446964381825e-01,
       -6.5578985808242146e-02, 4.7017901019432434e-01,
       2.8238725940855948e-03, 1.0179682805437035e-01,
       2.1260613096729941e-03, -1.5248453518240021e-01,
       -6.3408097182136483e-02, 4.6865184001094207e-01,
       1.5454107333654452e-01, 2.9623884184033256e-01,
       3.4254179964834944e-02, -9.5489117334531928e-02,
       -7.4871206939325169e-02, 4.5006619294553663e-01,
       2.0810201963239827e-01, 3.3957325590070364e-01,
       1.6303254374846143e-01, -7.6737676819003023e-02,
       -6.9881928766836424e-02, 4.1789124456916549e-01,
       4.0876713133275605e-01, 3.5212109063033104e-01,
       1.4926412916198784e-01, -6.5108421231761887e-02,
       -1.0337270626358244e-01, 3.7415575251725075e-01,
       3.7634039247927942e-01, 3.0671508003165632e-01,
       2.5368741507562403e-01, -7.2073137683732649e-02,
       -9.9072797504918028e-02, 3.7248913507625431e-01,
       3.0087333624262080e-01, 2.6877155086258270e-01,
       3.5497927365696863e-01, -3.4976115471289891e-02,
       -6.4675018439174434e-02, 3.7660114610949358e-01,
       2.2371157105577830e-01, -3.9416465094543114e-02,
       1.2251535948698303e-01, -1.0613989537337939e-01,
       -9.1793325772327100e-02, 3.8485188891028427e-01,
       7.1448795587302785e-02, -1.5412295295850184e-02,
       2.9867356555709279e-01, -8.4140749187928243e-02,
       -5.7682725267205290e-02, 4.2116302049033805e-01,
       1.7926460949964904e-02, -4.5758515429559839e-02,
       3.1927384697417893e-01, -8.0226066706396829e-02,
       -8.3902446491755905e-02, 4.2501293994459655e-01 ]
image_points: !!opencv-matrix
   rows: 10
   cols: 48
   dt: "2f"
   data: [ 9.28241653e+01, 1.10209328e+02, 1.31905930e+02,
       1.09651566e+02, 1.71360886e+02, 1.09334381e+02, 2.10903076e+02,
       1.08823265e+02, 2.50951248e+02, 1.08474602e+02, 2.91267120e+02,
       1.07890579e+02, 3.31789398e+02, 1.07392876e+02, 3.72924957e+02,
       1.06924850e+02, 9.30348206e+01, 1.50136963e+02, 1.32085098e+02,
       1.49757172e+02, 1.71474457e+02, 1.49554199e+02, 2.10993881e+02,
       1.49340973e+02, 2.51024048e+02, 1.48991272e+02, 2.91303558e+02,
       1.48665543e+02, 3.31826263e+02, 1.48434174e+02, 3.72937012e+02,
       1.48046326e+02, 9.30301132e+01, 1.90127365e+02, 1.32212204e+02,
       1.89977386e+02, 1.71505600e+02, 1.89798706e+02, 2.11100815e+02,
       1.89642014e+02, 2.51052872e+02, 1.89549042e+02, 2.91327515e+02,
       1.89487045e+02, 3.31790802e+02, 1.89367874e+02, 3.72904633e+02,
       1.89178619e+02, 9.31499634e+01, 2.29989532e+02, 1.32272797e+02,
       2.30033371e+02, 1.71532745e+02, 2.30122818e+02, 2.11086685e+02,
       2.30188461e+02, 2.51087662e+02, 2.30182556e+02, 2.91313080e+02,
       2.30244263e+02, 3.31765533e+02, 2.30309082e+02, 3.72848999e+02,
       2.30340179e+02, 9.32297592e+01, 2.69721130e+02, 1.32328888e+02,
       2.70016602e+02, 1.71549088e+02, 2.70279968e+02, 2.11139694e+02,
       2.70457397e+02, 2.51118271e+02, 2.70575287e+02, 2.91322906e+02,
       2.70851044e+02, 3.31756378e+02, 2.71091980e+02, 3.72843811e+02,
       2.71310944e+02, 9.32900925e+01, 3.09606476e+02, 1.32375961e+02,
       3.10134827e+02, 1.71563782e+02, 3.10436493e+02, 2.11189621e+02,
       3.10764038e+02, 2.51164993e+02, 3.11138916e+02, 2.91309753e+02,
       3.11489044e+02, 3.31718323e+02, 3.11835052e+02, 3.72809021e+02,
       3.12436066e+02, 9.05260925e+01, 1.13105423e+02, 1.29542084e+02,
       1.12754517e+02, 1.69020996e+02, 1.12516228e+02, 2.08713181e+02,
       1.12287354e+02, 2.48806091e+02, 1.11799911e+02, 2.89192413e+02,
       1.11515053e+02, 3.29914276e+02, 1.11215233e+02, 3.71112366e+02,
       1.10767311e+02, 9.05947495e+01, 1.53247482e+02, 1.29615082e+02,
       1.53107025e+02, 1.69055634e+02, 1.52966034e+02, 2.08728088e+02,
       1.52804321e+02, 2.48788132e+02, 1.52628525e+02, 2.89078613e+02,
       1.52505569e+02, 3.29780792e+02, 1.52411423e+02, 3.71031219e+02,
       1.52149933e+02, 9.06100006e+01, 1.93404266e+02, 1.29603012e+02,
       1.93350220e+02, 1.69108490e+02, 1.93420303e+02, 2.08691376e+02,
       1.93455780e+02, 2.48752838e+02, 1.93478088e+02, 2.89064148e+02,
       1.93483185e+02, 3.29639832e+02, 1.93498474e+02, 3.70935638e+02,
       1.93452820e+02, 9.06122665e+01, 2.33435547e+02, 1.29605957e+02,
       2.33597351e+02, 1.69123871e+02, 2.33754562e+02, 2.08649506e+02,
       2.34061356e+02, 2.48726639e+02, 2.34273132e+02, 2.88985352e+02,
       2.34456711e+02, 3.29593933e+02, 2.34566681e+02, 3.70785522e+02,
       2.34781876e+02, 9.06306534e+01, 2.73449127e+02, 1.29591949e+02,
       2.73785797e+02, 1.69017014e+02, 2.74269623e+02, 2.08604279e+02,
       2.74549286e+02, 2.48635071e+02, 2.74874786e+02, 2.88912079e+02,
       2.75350677e+02, 3.29537689e+02, 2.75604706e+02, 3.70699921e+02,
       2.76105530e+02, 9.05963821e+01, 3.13605103e+02, 1.29567963e+02,
       3.14203247e+02, 1.68962006e+02, 3.14605347e+02, 2.08563995e+02,
       3.15303711e+02, 2.48619217e+02, 3.15607574e+02, 2.88799133e+02,
       3.16339874e+02, 3.29468231e+02, 3.16760620e+02, 3.70593903e+02,
       3.17368988e+02, 1.76484314e+02, 9.07321625e+01, 2.14261459e+02,
       9.11521225e+01, 2.53430756e+02, 9.15261841e+01, 2.93541992e+02,
       9.20819244e+01, 3.35317871e+02, 9.25077896e+01, 3.78102417e+02,
       9.28704300e+01, 4.22610504e+02, 9.33410645e+01, 4.68686127e+02,
       9.36479874e+01, 1.77162018e+02, 1.32238571e+02, 2.14955963e+02,
       1.33250610e+02, 2.53650543e+02, 1.34440765e+02, 2.93651062e+02,
       1.35430908e+02, 3.34846893e+02, 1.36678802e+02, 3.77471558e+02,
       1.37823868e+02, 4.21588470e+02, 1.39109573e+02, 4.67227478e+02,
       1.40352203e+02, 1.78078690e+02, 1.73099274e+02, 2.15443771e+02,
       1.74819412e+02, 2.53974945e+02, 1.76519547e+02, 2.93626831e+02,
       1.78384552e+02, 3.34598480e+02, 1.80371246e+02, 3.76733246e+02,
       1.82275467e+02, 4.20514954e+02, 1.84253693e+02, 4.65680237e+02,
       1.86292236e+02, 1.78899017e+02, 2.13308868e+02, 2.15932281e+02,
       2.15614243e+02, 2.54186203e+02, 2.18063538e+02, 2.93548370e+02,
       2.20497299e+02, 3.34243835e+02, 2.23075363e+02, 3.76085602e+02,
       2.25664871e+02, 4.19419800e+02, 2.28543076e+02, 4.64281006e+02,
       2.31303665e+02, 1.79665512e+02, 2.52956238e+02, 2.16508423e+02,
       2.55828476e+02, 2.54459885e+02, 2.58843231e+02, 2.93415253e+02,
       2.62067871e+02, 3.33780762e+02, 2.65307281e+02, 3.75304321e+02,
       2.68622986e+02, 4.18303833e+02, 2.72145935e+02, 4.62781708e+02,
       2.75709229e+02, 1.80305328e+02, 2.92045288e+02, 2.17006088e+02,
       2.95631958e+02, 2.54633408e+02, 2.99209839e+02, 2.93360260e+02,
       3.03031891e+02, 3.33409027e+02, 3.06885376e+02, 3.74501617e+02,
       3.10930908e+02, 4.17231293e+02, 3.15106049e+02, 4.61284943e+02,
       3.19557556e+02, 1.97274780e+02, 8.95226135e+01, 2.37352432e+02,
       9.61211395e+01, 2.78937347e+02, 1.02789047e+02, 3.21954315e+02,
