%YAML:1.0
calibration_time: "Mon Sep  5 17:12:51 2016"
image_width: 640
image_height: 480
board_width: 8
board_height: 6
square_size: 1.
aspectRatio: 1.
flags: 2
camera_matrix: !!opencv-matrix
   rows: 3
   cols: 3
   dt: d
   data: [ 1.2472373364591599e+03, 0., 3.6236740440242710e+02, 0.,
       1.2472373364591599e+03, 2.6502089081758197e+02, 0., 0., 1. ]
distortion_coefficients: !!opencv-matrix
   rows: 5
   cols: 1
   dt: d
   data: [ 5.5444268893446083e+00, -8.8740800237105219e+01,
       -1.3986636916131268e-01, 1.1474999180454343e-01,
       4.6965121278212774e+02 ]
avg_reprojection_error: 3.2799354109290406e+00
