%YAML:1.0
R: !!opencv-matrix
   rows: 3
   cols: 3
   dt: d
   data: [ 9.9998634434661759e-01, 6.3072565385976110e-04,
       5.1878035272563336e-03, -6.9464257216263041e-04,
       9.9992376538747352e-01, 1.2328052767318978e-02,
       -5.1796324179220823e-03, -1.2331488088889557e-02,
       9.9991054890401510e-01 ]
T: !!opencv-matrix
   rows: 3
   cols: 1
   dt: d
   data: [ -1.9906546472337858e+00, 1.1759928056989596e-02,
       1.3892129181395220e-02 ]
R1: !!opencv-matrix
   rows: 3
   cols: 3
   dt: d
   data: [ 9.9998479584446875e-01, -5.1901177908753046e-03,
       -1.8629968365819504e-03, 5.2015163653622862e-03,
       9.9996745800614595e-01, 6.1666162705132166e-03,
       1.8309307461352470e-03, -6.1762129208544330e-03,
       9.9997925082801542e-01 ]
R2: !!opencv-matrix
   rows: 3
   cols: 3
   dt: d
   data: [ 9.9995820199671170e-01, -5.9073212582718077e-03,
       -6.9783819797375225e-03, 5.8641416576862291e-03,
       9.9996363505051722e-01, -6.1919640805325749e-03,
       7.0147061322727387e-03, 6.1507830483269526e-03,
       9.9995647993588710e-01 ]
P1: !!opencv-matrix
   rows: 3
   cols: 4
   dt: d
   data: [ 7.6521154212370345e+02, 0., 3.2429212188720703e+02, 0., 0.,
       7.6521154212370345e+02, 2.4118940925598145e+02, 0., 0., 0., 1.,
       0. ]
P2: !!opencv-matrix
   rows: 3
   cols: 4
   dt: d
   data: [ 7.6521154212370345e+02, 0., 3.2429212188720703e+02,
       -1.5233355848312660e+03, 0., 7.6521154212370345e+02,
       2.4118940925598145e+02, 0., 0., 0., 1., 0. ]
Q: !!opencv-matrix
   rows: 4
   cols: 4
   dt: d
   data: [ 1., 0., 0., -3.2429212188720703e+02, 0., 1., 0.,
       -2.4118940925598145e+02, 0., 0., 0., 7.6521154212370345e+02, 0.,
       0., 5.0232630928034350e-01, 0. ]
