%YAML:1.0
R: !!opencv-matrix
   rows: 3
   cols: 3
   dt: d
   data: [ 9.9982927302894653e-01, 2.3950325104597162e-04,
       1.8476131429520700e-02, -2.7735148496126050e-04,
       9.9999786856328077e-01, 2.0459582227244973e-03,
       -1.8475602035169899e-02, -2.0507333049625473e-03,
       9.9982720838270345e-01 ]
T: !!opencv-matrix
   rows: 3
   cols: 1
   dt: d
   data: [ -3.0410392775325321e+00, -6.8172380179345737e-02,
       -1.8537562491657065e-03 ]
R1: !!opencv-matrix
   rows: 3
   cols: 3
   dt: d
   data: [ 9.9956047819417271e-01, 2.2649971859220328e-02,
       1.9126662202621058e-02, -2.2667573792051691e-02,
       9.9974280969637008e-01, 7.0395936633401270e-04,
       -1.9105798350724238e-02, -1.1372049877156516e-03,
       9.9981682083979639e-01 ]
R2: !!opencv-matrix
   rows: 3
   cols: 3
   dt: d
   data: [ 9.9974863772790601e-01, 2.2411826351109596e-02,
       6.0942661887739003e-04, -2.2411255726931496e-02,
       9.9974840596454151e-01, -9.2757107569982475e-04,
       -6.3006185265192423e-04, 9.1367990352424796e-04,
       9.9999938410535827e-01 ]
P1: !!opencv-matrix
   rows: 3
   cols: 4
   dt: d
   data: [ 9.9254704743410093e+02, 0., 3.1416418838500977e+02, 0., 0.,
       9.9254704743410093e+02, 2.4461127281188965e+02, 0., 0., 0., 1.,
       0. ]
P2: !!opencv-matrix
   rows: 3
   cols: 4
   dt: d
   data: [ 9.9254704743410093e+02, 0., 3.1416418838500977e+02,
       -3.0191334522903690e+03, 0., 9.9254704743410093e+02,
       2.4461127281188965e+02, 0., 0., 0., 1., 0. ]
Q: !!opencv-matrix
   rows: 4
   cols: 4
   dt: d
   data: [ 1., 0., 0., -3.1416418838500977e+02, 0., 1., 0.,
       -2.4461127281188965e+02, 0., 0., 0., 9.9254704743410093e+02, 0.,
       0., 3.2875229370239895e-01, 0. ]
