%YAML:1.0
R: !!opencv-matrix
   rows: 3
   cols: 3
   dt: d
   data: [ 9.9999616196369656e-01, 6.0401035076729779e-04,
       2.7039285072649327e-03, -6.0090112497493246e-04,
       9.9999915756812985e-01, -1.1505567646339645e-03,
       -2.7046211775843699e-03, 1.1489275550734610e-03,
       9.9999568248555903e-01 ]
T: !!opencv-matrix
   rows: 3
   cols: 1
   dt: d
   data: [ -2.9970087102034095e+00, 1.1245680197974794e-02,
       -7.3152645768391061e-02 ]
R1: !!opencv-matrix
   rows: 3
   cols: 3
   dt: d
   data: [ 9.9962763222999740e-01, -3.1192932853517544e-03,
       2.7108428424549458e-02, 3.1347086393558716e-03,
       9.9999494835669411e-01, -5.2617757370933781e-04,
       -2.7106650180265906e-02, 6.1095866692137814e-04,
       9.9963236054337090e-01 ]
R2: !!opencv-matrix
   rows: 3
   cols: 3
   dt: d
   data: [ 9.9969521078982804e-01, -3.7511578120259926e-03,
       2.4401113477679093e-02, 3.7372811612121073e-03,
       9.9999282767629860e-01, 6.1426824980112288e-04,
       -2.4403242682138483e-02, -5.2288720575371093e-04,
       9.9970205978359705e-01 ]
P1: !!opencv-matrix
   rows: 3
   cols: 4
   dt: d
   data: [ 8.9611183619808605e+02, 0., 2.9242531967163086e+02, 0., 0.,
       8.9611183619808605e+02, 2.3786217880249023e+02, 0., 0., 0., 1.,
       0. ]
P2: !!opencv-matrix
   rows: 3
   cols: 4
   dt: d
   data: [ 8.9611183619808605e+02, 0., 2.9242531967163086e+02,
       -2.6864737866256082e+03, 0., 8.9611183619808605e+02,
       2.3786217880249023e+02, 0., 0., 0., 1., 0. ]
Q: !!opencv-matrix
   rows: 4
   cols: 4
   dt: d
   data: [ 1., 0., 0., -2.9242531967163086e+02, 0., 1., 0.,
       -2.3786217880249023e+02, 0., 0., 0., 8.9611183619808605e+02, 0.,
       0., 3.3356433279167147e-01, 0. ]
