%YAML:1.0
R: !!opencv-matrix
   rows: 3
   cols: 3
   dt: d
   data: [ 9.9998858103251120e-01, 1.3694811750452859e-04,
       4.7769289086102206e-03, -1.3644673448969224e-04,
       9.9999998514867638e-01, -1.0528502128105002e-04,
       -4.7769432562519689e-03, 1.0463202268434627e-04,
       9.9998858486748055e-01 ]
T: !!opencv-matrix
   rows: 3
   cols: 1
   dt: d
   data: [ -2.5729551888461271e+00, -4.2284673661721998e-02,
       -4.2034989850417405e-02 ]
R1: !!opencv-matrix
   rows: 3
   cols: 3
   dt: d
   data: [ 9.9963993369633264e-01, 1.6568492279969316e-02,
       2.1106587198320689e-02, -1.6566982115462110e-02,
       9.9986272776974983e-01, -2.4641513971091741e-04,
       -2.1107772577362977e-02, -1.0334603871062741e-04,
       9.9977720080846944e-01 ]
R2: !!opencv-matrix
   rows: 3
   cols: 3
   dt: d
   data: [ 9.9973161253080656e-01, 1.6429872221804635e-02,
       1.6332856618742207e-02, -1.6431040726905398e-02,
       9.9986499937489803e-01, -6.2655133743386973e-05,
       -1.6331681088730420e-02, -2.0572751439865107e-04,
       9.9986660803779515e-01 ]
P1: !!opencv-matrix
   rows: 3
   cols: 4
   dt: d
   data: [ 7.4553430251003056e+02, 0., 3.0428025436401367e+02, 0., 0.,
       7.4553430251003056e+02, 2.4028984451293945e+02, 0., 0., 0., 1.,
       0. ]
P2: !!opencv-matrix
   rows: 3
   cols: 4
   dt: d
   data: [ 7.4553430251003056e+02, 0., 3.0428025436401367e+02,
       -1.9187413182323987e+03, 0., 7.4553430251003056e+02,
       2.4028984451293945e+02, 0., 0., 0., 1., 0. ]
Q: !!opencv-matrix
   rows: 4
   cols: 4
   dt: d
   data: [ 1., 0., 0., -3.0428025436401367e+02, 0., 1., 0.,
       -2.4028984451293945e+02, 0., 0., 0., 7.4553430251003056e+02, 0.,
       0., 3.8855383757349787e-01, 0. ]
