%YAML:1.0
M1: !!opencv-matrix
   rows: 3
   cols: 3
   dt: d
   data: [ 9.3009613610671011e+02, 0., 3.2005585591941906e+02, 0.,
       9.2481862519636866e+02, 2.3922116710452164e+02, 0., 0., 1. ]
D1: !!opencv-matrix
   rows: 1
   cols: 14
   dt: d
   data: [ 4.4385390611426288e-02, -5.2145703990048697e-01, 0., 0., 0.,
       0., 0., -4.4792402964984470e+00, 0., 0., 0., 0., 0., 0. ]
M2: !!opencv-matrix
   rows: 3
   cols: 3
   dt: d
   data: [ 9.3009613610671011e+02, 0., 3.1805482883596164e+02, 0.,
       9.2481862519636866e+02, 2.3673678811871926e+02, 0., 0., 1. ]
D2: !!opencv-matrix
   rows: 1
   cols: 14
   dt: d
   data: [ -1.2491666532413475e-02, 9.7278634580434697e-01, 0., 0., 0.,
       0., 0., 6.2458423355956105e+00, 0., 0., 0., 0., 0., 0. ]
