%YAML:1.0
M1: !!opencv-matrix
   rows: 3
   cols: 3
   dt: d
   data: [ 7.9016651660131492e+02, 0., 3.1948007198688765e+02, 0.,
       7.9505425183725936e+02, 2.3955151279723083e+02, 0., 0., 1. ]
D1: !!opencv-matrix
   rows: 1
   cols: 14
   dt: d
   data: [ 2.9051457859945812e-02, -1.0058230679583761e-01, 0., 0., 0.,
       0., 0., 8.2593600363144254e-02, 0., 0., 0., 0., 0., 0. ]
M2: !!opencv-matrix
   rows: 3
   cols: 3
   dt: d
   data: [ 7.9016651660131492e+02, 0., 3.2093171681967607e+02, 0.,
       7.9505425183725936e+02, 2.4278866677743159e+02, 0., 0., 1. ]
D2: !!opencv-matrix
   rows: 1
   cols: 14
   dt: d
   data: [ 2.4402408857540230e-02, -9.7359429566005296e-02, 0., 0., 0.,
       0., 0., -5.7092872439113852e-02, 0., 0., 0., 0., 0., 0. ]
