%YAML:1.0
M1: !!opencv-matrix
   rows: 3
   cols: 3
   dt: d
   data: [ 1.0115179080769494e+03, 0., 3.3294883567078227e+02, 0.,
       1.0114107111002434e+03, 2.4405247019028769e+02, 0., 0., 1. ]
D1: !!opencv-matrix
   rows: 1
   cols: 14
   dt: d
   data: [ 6.5397962558479406e-02, 1.3206176587505576e+00, 0., 0., 0.,
       0., 0., 6.0500252537805475e+00, 0., 0., 0., 0., 0., 0. ]
M2: !!opencv-matrix
   rows: 3
   cols: 3
   dt: d
   data: [ 1.0115179080769494e+03, 0., 3.1733284165728895e+02, 0.,
       1.0114107111002434e+03, 2.4539613600564542e+02, 0., 0., 1. ]
D2: !!opencv-matrix
   rows: 1
   cols: 14
   dt: d
   data: [ 1.1277520502593039e-01, 4.8663248387872166e-01, 0., 0., 0.,
       0., 0., 3.0786943614843039e+00, 0., 0., 0., 0., 0., 0. ]
