%YAML:1.0
M1: !!opencv-matrix
   rows: 3
   cols: 3
   dt: d
   data: [ 7.6696697677029783e+02, 0., 3.2203635338620938e+02, 0.,
       7.6856473370470724e+02, 2.3956146966988643e+02, 0., 0., 1. ]
D1: !!opencv-matrix
   rows: 1
   cols: 14
   dt: d
   data: [ 2.4365556369872622e-02, -4.0171244809467039e-03, 0., 0., 0.,
       0., 0., 2.9033747723900255e-01, 0., 0., 0., 0., 0., 0. ]
M2: !!opencv-matrix
   rows: 3
   cols: 3
   dt: d
   data: [ 7.6696697677029783e+02, 0., 3.2022183532685216e+02, 0.,
       7.6856473370470724e+02, 2.4076726576055924e+02, 0., 0., 1. ]
D2: !!opencv-matrix
   rows: 1
   cols: 14
   dt: d
   data: [ 2.0360020169161490e-02, -1.6252916685965586e-02, 0., 0., 0.,
       0., 0., 2.0771310845281546e-01, 0., 0., 0., 0., 0., 0. ]
